$ 1 0.000005 10.20027730826997 50 5 50 5e-11
154 -464 128 -336 128 0 2 0 5
154 -304 112 -160 112 0 2 5 5
L -304 96 -304 16 2 1 false 5 0
L -496 112 -496 32 2 0 false 5 0
L -464 144 -592 144 2 0 false 5 0
w -464 112 -496 112 0
w -496 112 -496 192 0
w -464 144 -464 192 0
150 -480 192 -480 288 0 2 0 5
152 -400 288 -400 400 0 2 0 5
w -480 288 -416 288 0
w -304 128 -336 128 0
w -336 128 -336 192 0
150 -320 192 -320 288 0 2 0 5
w -320 288 -384 288 0
w -304 96 -304 192 0
w -304 768 -304 864 0
w -320 960 -384 960 0
150 -320 864 -320 960 0 2 0 5
w -336 800 -336 864 0
w -304 800 -336 800 0
w -480 960 -416 960 0
152 -400 960 -400 1072 0 2 0 5
150 -480 864 -480 960 0 2 0 5
w -464 816 -464 864 0
w -496 784 -496 864 0
w -464 784 -496 784 0
L -464 816 -592 816 2 0 false 5 0
L -496 784 -496 704 2 0 false 5 0
L -304 768 -304 688 2 1 false 5 0
154 -304 784 -160 784 0 2 5 5
154 -464 800 -336 800 0 2 0 5
154 -560 1104 -432 1104 0 2 0 5
154 -400 1088 -256 1088 0 2 0 5
L -592 1088 -592 1008 2 0 false 5 0
L -560 1120 -688 1120 2 0 false 5 0
w -560 1088 -592 1088 0
w -592 1088 -592 1168 0
w -560 1120 -560 1168 0
150 -576 1168 -576 1264 0 2 0 5
152 -496 1264 -496 1376 0 2 0 5
w -576 1264 -512 1264 0
w -400 1104 -432 1104 0
w -432 1104 -432 1168 0
150 -416 1168 -416 1264 0 2 0 5
w -416 1264 -480 1264 0
w -400 1072 -400 1168 0
154 -656 1408 -528 1408 0 2 0 5
154 -496 1392 -352 1392 0 2 0 5
L -688 1392 -688 1312 2 0 false 5 0
L -656 1424 -784 1424 2 0 false 5 0
w -656 1392 -688 1392 0
w -688 1392 -688 1472 0
w -656 1424 -656 1472 0
150 -672 1472 -672 1568 0 2 0 5
152 -592 1568 -592 1680 0 2 0 5
w -672 1568 -608 1568 0
w -496 1408 -528 1408 0
w -528 1408 -528 1472 0
150 -512 1472 -512 1568 0 2 0 5
w -512 1568 -576 1568 0
w -496 1376 -496 1472 0
154 -752 1712 -624 1712 0 2 0 5
154 -592 1696 -448 1696 0 2 0 5
L -784 1696 -784 1616 2 0 false 5 0
L -752 1728 -880 1728 2 0 false 5 0
w -752 1696 -784 1696 0
w -784 1696 -784 1776 0
w -752 1728 -752 1776 0
150 -768 1776 -768 1872 0 2 0 5
152 -688 1872 -688 1984 0 2 0 5
w -768 1872 -704 1872 0
w -592 1712 -624 1712 0
w -624 1712 -624 1776 0
150 -608 1776 -608 1872 0 2 0 5
w -608 1872 -672 1872 0
w -592 1680 -592 1776 0
M -688 1984 -688 2048 2 2.5
M -256 1088 -208 1088 2 2.5
M -160 784 -112 784 2 2.5
M -352 1392 -304 1392 2 2.5
M -448 1696 -400 1696 2 2.5
