$ 1 0.000005 0.018116748694692215 6 5 50 5e-11
L 432 192 288 192 2 0 false 5 0
L 432 288 288 288 2 0 false 5 0
L 432 384 288 384 2 0 false 5 0
150 512 224 656 224 0 2 0 5
w 432 192 432 208 0
w 512 208 432 208 0
w 512 240 432 240 0
w 432 240 432 288 0
w 432 288 432 336 0
150 512 352 656 352 0 2 0 5
w 432 336 512 336 0
w 512 368 432 368 0
M 816 352 896 352 2 2.5
M 816 224 896 224 2 2.5
w 816 320 704 256 0
w 816 352 816 320 0
w 816 256 704 320 0
w 816 224 816 256 0
153 704 224 816 224 0 2 0 5
153 704 352 816 352 0 2 5 5
w 704 240 704 256 0
w 704 320 704 336 0
w 656 352 656 368 0
w 704 368 656 368 0
w 656 224 656 208 0
w 704 208 656 208 0
w 432 368 432 384 0
153 688 32 800 32 0 2 5 5
153 688 -96 800 -96 0 2 0 5
w 800 -96 800 -64 0
w 800 -64 688 0 0
w 800 32 800 0 0
w 800 0 688 -64 0
M 800 -96 880 -96 2 2.5
M 800 32 880 32 2 2.5
w 688 -80 688 -64 0
w 688 0 688 16 0
L 688 -112 592 -112 2 0 false 5 0
L 688 48 592 48 2 0 false 5 0
w 704 560 656 560 0
w 656 576 656 560 0
w 704 720 656 720 0
w 656 704 656 720 0
w 704 672 704 688 0
w 704 592 704 608 0
153 704 704 816 704 0 2 0 5
153 704 576 816 576 0 2 5 5
w 816 576 816 608 0
w 816 608 704 672 0
w 816 704 816 672 0
w 816 672 704 608 0
M 816 576 896 576 2 2.5
M 816 704 896 704 2 2.5
w 512 720 432 720 0
w 432 688 512 688 0
150 512 704 656 704 0 2 0 5
w 432 640 432 688 0
w 432 592 432 640 0
w 512 592 432 592 0
w 512 560 432 560 0
w 432 544 432 560 0
150 512 576 656 576 0 2 0 5
L 432 640 288 640 2 0 false 5 0
L 368 544 288 544 2 0 false 5 0
w 368 544 368 720 0
I 368 720 432 720 0 0.5 5
w 368 544 432 544 0
w 368 832 432 832 0
I 368 1008 432 1008 0 0.5 5
w 368 832 368 1008 0
L 368 832 288 832 2 0 false 5 0
L 128 912 64 912 2 1 false 5 0
150 512 864 656 864 0 2 0 5
w 432 832 432 848 0
w 512 848 432 848 0
w 512 880 432 880 0
w 432 880 432 928 0
w 432 928 432 976 0
150 512 992 656 992 0 2 0 5
w 432 976 512 976 0
w 512 1008 432 1008 0
M 816 992 896 992 2 2.5
M 816 864 896 864 2 2.5
w 816 960 704 896 0
w 816 992 816 960 0
w 816 896 704 960 0
w 816 864 816 896 0
153 704 864 816 864 0 2 5 5
153 704 992 816 992 0 2 0 5
w 704 880 704 896 0
w 704 960 704 976 0
w 656 992 656 1008 0
w 704 1008 656 1008 0
w 656 864 656 848 0
w 704 848 656 848 0
I 128 912 224 912 0 0.5 5
150 224 928 320 928 0 2 0 5
w 128 912 128 944 0
w 128 944 224 944 0
w 320 928 432 928 0

